[85, 195, 98, 200] [154, 173, 166, 184] [173, 117, 187, 130] [133, 100, 147, 113] [75, 78, 89, 91] [192, 65, 200, 74] [18, 48, 32, 61] [69, 40, 79, 49] [98, 33, 106, 40] [70, 31, 76, 36] [119, 28, 126, 35]
[81, 190, 94, 200] [149, 168, 161, 179] [168, 112, 182, 125] [128, 95, 142, 108] [70, 73, 84, 86] [187, 60, 197, 69] [13, 43, 27, 56] [64, 35, 74, 44] [93, 28, 101, 35] [65, 26, 71, 31] [114, 23, 122, 30]
[73, 187, 87, 200] [142, 164, 154, 176] [161, 109, 175, 122] [121, 92, 135, 105] [63, 70, 77, 83] [180, 57, 190, 66] [6, 40, 19, 53] [57, 32, 67, 41] [86, 25, 94, 32] [58, 23, 64, 28] [107, 20, 115, 27]
[67, 181, 80, 194] [136, 159, 147, 170] [195, 154, 200, 164] [155, 103, 168, 116] [115, 86, 128, 99] [57, 64, 70, 77] [174, 51, 184, 60] [0, 34, 13, 47] [51, 26, 60, 35] [80, 19, 84, 25] [53, 17, 57, 22] [101, 14, 108, 21]
[62, 178, 76, 191] [131, 156, 143, 167] [190, 150, 200, 161] [150, 100, 164, 113] [110, 83, 124, 96] [52, 61, 66, 74] [169, 48, 179, 57] [0, 31, 9, 44] [46, 23, 56, 32] [75, 16, 83, 23] [47, 14, 53, 19] [96, 11, 104, 18]
[57, 172, 71, 183] [126, 150, 137, 161] [184, 144, 196, 155] [191, 108, 197, 113] [145, 94, 158, 107] [105, 77, 118, 90] [47, 55, 60, 68] [164, 42, 173, 51] [0, 29, 3, 35] [41, 17, 50, 26] [70, 10, 77, 17] [42, 8, 48, 13] [91, 5, 98, 12]
[51, 170, 66, 183] [120, 148, 132, 159] [179, 142, 191, 153] [186, 106, 192, 111] [139, 92, 153, 105] [99, 74, 113, 88] [40, 53, 55, 66] [158, 40, 168, 49] [35, 15, 45, 24] [64, 8, 72, 15] [36, 6, 42, 11] [85, 3, 93, 10]
[46, 167, 60, 180] [115, 145, 127, 156] [174, 139, 186, 150] [181, 103, 187, 108] [134, 89, 148, 102] [94, 72, 108, 85] [36, 50, 50, 63] [153, 37, 163, 46] [30, 12, 40, 21] [59, 5, 66, 12] [31, 3, 37, 8] [80, 0, 88, 7]
[40, 163, 53, 176] [195, 146, 200, 155] [109, 141, 120, 152] [169, 135, 179, 146] [175, 99, 180, 104] [128, 85, 141, 98] [88, 68, 101, 81] [30, 46, 43, 59] [147, 33, 156, 42] [24, 8, 34, 18] [54, 1, 61, 8] [74, 0, 81, 3]
[34, 160, 47, 173] [189, 143, 198, 152] [103, 138, 114, 149] [162, 132, 173, 143] [169, 96, 174, 101] [122, 82, 135, 95] [82, 65, 95, 78] [24, 43, 37, 56] [141, 30, 150, 39] [18, 5, 27, 14] [47, 0, 54, 5]
[28, 156, 42, 169] [183, 139, 196, 148] [97, 134, 109, 145] [156, 128, 168, 139] [163, 92, 169, 97] [116, 78, 130, 91] [76, 61, 90, 74] [18, 39, 32, 52] [135, 26, 145, 35] [12, 0, 22, 10]
[21, 151, 34, 164] [189, 135, 194, 140] [176, 134, 185, 143] [90, 129, 101, 140] [149, 123, 160, 134] [156, 87, 161, 92] [109, 73, 122, 86] [69, 56, 82, 69] [11, 34, 24, 47] [128, 21, 137, 30] [5, 0, 14, 5]
[14, 148, 28, 161] [182, 133, 188, 137] [170, 131, 179, 140] [83, 126, 95, 137] [142, 120, 154, 131] [149, 84, 155, 89] [102, 70, 116, 83] [62, 53, 76, 66] [4, 31, 18, 44] [121, 18, 131, 27]
[6, 143, 19, 156] [174, 127, 179, 132] [161, 126, 170, 135] [75, 121, 86, 132] [134, 117, 145, 126] [141, 79, 146, 84] [94, 65, 107, 77] [54, 48, 67, 61] [0, 26, 9, 39] [113, 13, 122, 22]
[0, 140, 11, 153] [165, 124, 171, 129] [152, 123, 162, 132] [66, 118, 78, 129] [125, 112, 137, 123] [132, 76, 138, 80] [85, 62, 99, 75] [45, 45, 59, 58] [104, 9, 114, 19]
[191, 173, 199, 180] [156, 120, 162, 125] [143, 120, 153, 128] [57, 114, 69, 125] [116, 108, 128, 119] [123, 72, 129, 77] [76, 58, 90, 71] [36, 41, 50, 54] [95, 6, 105, 15]
[182, 167, 189, 174] [147, 114, 152, 119] [134, 113, 143, 122] [48, 108, 59, 119] [107, 102, 118, 113] [114, 66, 119, 71] [67, 52, 80, 65] [27, 35, 40, 48] [86, 0, 95, 9]
[152, 194, 168, 200] [173, 163, 181, 170] [125, 109, 144, 118] [39, 104, 51, 115] [98, 98, 110, 109] [105, 62, 111, 67] [58, 48, 72, 61] [191, 33, 200, 46] [18, 31, 32, 44] [77, 0, 87, 5]
[140, 188, 157, 200] [164, 157, 170, 164] [128, 104, 133, 109] [115, 103, 124, 112] [29, 98, 40, 109] [88, 92, 99, 103] [95, 56, 100, 61] [48, 42, 61, 55] [181, 27, 194, 40] [8, 25, 21, 38]
[130, 183, 147, 200] [153, 152, 160, 159] [105, 98, 114, 107] [19, 93, 30, 104] [78, 86, 89, 98] [85, 51, 90, 56] [38, 37, 51, 50] [171, 22, 184, 35] [0, 20, 11, 33]
[121, 179, 139, 196] [144, 148, 152, 155] [109, 95, 115, 100] [96, 94, 106, 103] [10, 89, 22, 100] [69, 83, 81, 94] [76, 47, 82, 52] [29, 33, 43, 46] [0, 19, 3, 26] [162, 18, 176, 31]
[110, 174, 128, 191] [134, 143, 141, 150] [99, 90, 104, 95] [86, 89, 95, 98] [0, 84, 12, 95] [59, 78, 70, 89] [66, 42, 71, 47] [19, 28, 32, 41] [189, 22, 200, 35] [152, 13, 165, 26]
[102, 170, 120, 187] [125, 139, 132, 146] [77, 85, 95, 94] [49, 74, 61, 84] [56, 38, 63, 43] [10, 24, 23, 36] [180, 19, 193, 31] [143, 9, 156, 22]
[93, 166, 110, 183] [116, 135, 123, 142] [81, 82, 87, 87] [68, 81, 77, 90] [41, 70, 52, 81] [47, 34, 53, 39] [0, 20, 14, 33] [171, 14, 184, 27] [134, 5, 147, 18]
[189, 193, 200, 200] [82, 163, 99, 180] [105, 132, 112, 139] [70, 79, 75, 84] [57, 78, 66, 87] [30, 67, 41, 78] [37, 31, 42, 36] [190, 23, 200, 40] [0, 19, 3, 28] [160, 11, 173, 24] [123, 2, 136, 15]
[179, 192, 199, 200] [72, 162, 90, 179] [95, 131, 103, 138] [60, 78, 66, 83] [48, 77, 57, 86] [20, 66, 32, 77] [29, 30, 33, 35] [180, 22, 198, 39] [150, 10, 164, 23] [113, 0, 127, 14]
[169, 187, 189, 200] [61, 158, 80, 175] [85, 127, 92, 134] [36, 73, 55, 82] [10, 62, 21, 73] [17, 26, 22, 31] [170, 18, 187, 35] [195, 6, 200, 13] [140, 6, 154, 19] [102, 0, 116, 10]
[159, 186, 179, 200] [52, 156, 70, 173] [75, 125, 83, 132] [188, 80, 200, 91] [40, 72, 46, 77] [27, 71, 37, 80] [0, 60, 12, 71] [7, 24, 13, 29] [160, 16, 178, 33] [185, 4, 193, 11] [130, 4, 144, 17] [93, 0, 107, 8]
[148, 182, 168, 200] [41, 152, 59, 169] [64, 121, 72, 128] [177, 76, 189, 87] [29, 68, 35, 73] [16, 66, 26, 76] [149, 11, 167, 29] [174, 0, 182, 7] [119, 0, 133, 13] [84, 0, 94, 4]
[136, 179, 156, 198] [29, 149, 47, 166] [195, 123, 200, 139] [52, 118, 60, 125] [165, 73, 176, 84] [17, 65, 23, 70] [4, 64, 14, 73] [186, 33, 200, 50] [137, 9, 155, 26] [162, 0, 170, 3] [107, 0, 121, 10]
[108, 196, 117, 200] [125, 175, 144, 194] [18, 145, 35, 162] [184, 117, 200, 136] [41, 114, 47, 121] [154, 69, 165, 80] [6, 61, 11, 66] [174, 29, 192, 46] [126, 5, 143, 22] [96, 0, 109, 6]
[119, 196, 135, 200] [0, 195, 10, 200] [93, 194, 107, 200] [113, 173, 133, 192] [6, 142, 24, 160] [172, 115, 192, 134] [29, 112, 37, 119] [142, 67, 154, 78] [163, 27, 181, 44] [114, 3, 132, 20] [86, 0, 95, 4]
[105, 192, 124, 200] [79, 190, 94, 200] [101, 169, 120, 188] [0, 139, 11, 156] [160, 111, 179, 130] [17, 108, 24, 114] [130, 63, 141, 74] [151, 23, 168, 40] [102, 0, 119, 16]
[91, 190, 112, 200] [66, 188, 82, 200] [88, 167, 108, 186] [147, 109, 167, 128] [4, 106, 12, 113] [117, 61, 129, 72] [138, 21, 156, 38] [89, 0, 107, 14]
[79, 186, 98, 200] [53, 184, 68, 199] [75, 163, 94, 182] [134, 105, 153, 124] [104, 57, 115, 68] [125, 17, 142, 34] [76, 0, 93, 10]
[66, 183, 86, 200] [40, 181, 56, 196] [62, 160, 82, 179] [121, 102, 141, 121] [90, 54, 103, 65] [112, 14, 130, 31] [63, 0, 76, 7]
[53, 179, 73, 198] [27, 177, 43, 192] [49, 156, 69, 175] [108, 98, 128, 117] [78, 50, 90, 61] [99, 10, 117, 27] [193, 9, 200, 24] [54, 0, 64, 3]
[194, 189, 200, 200] [40, 174, 60, 193] [14, 172, 30, 187] [36, 151, 56, 170] [95, 93, 115, 112] [65, 45, 77, 56] [86, 5, 104, 22] [180, 4, 196, 19]
[181, 182, 200, 197] [28, 168, 47, 187] [0, 166, 18, 181] [24, 145, 43, 164] [83, 87, 102, 106] [53, 39, 64, 50] [167, 0, 183, 13] [73, 0, 91, 16]
[169, 176, 184, 191] [15, 162, 34, 181] [0, 161, 4, 174] [11, 139, 30, 158] [70, 81, 89, 100] [40, 33, 51, 44] [155, 0, 170, 7] [61, 0, 78, 10]
[155, 172, 170, 187] [0, 158, 20, 177] [0, 135, 16, 154] [56, 77, 75, 96] [26, 29, 37, 40] [143, 0, 155, 3] [47, 0, 64, 6]
[140, 169, 156, 184] [0, 156, 6, 173] [41, 74, 61, 93] [11, 26, 22, 37] [36, 0, 46, 3]
[125, 165, 141, 180] [193, 160, 200, 174] [26, 70, 46, 89] [189, 24, 197, 31] [0, 22, 8, 33]
[110, 161, 125, 176] [178, 155, 193, 170] [189, 146, 200, 153] [11, 66, 30, 85] [174, 20, 182, 27]
[97, 159, 113, 174] [165, 153, 181, 168] [176, 144, 191, 151] [0, 64, 18, 83] [161, 18, 169, 25]
[84, 155, 99, 170] [152, 149, 167, 164] [163, 140, 177, 147] [0, 62, 4, 77] [148, 14, 154, 21]
[71, 153, 87, 168] [139, 147, 155, 162] [150, 138, 165, 145] [192, 30, 200, 39] [135, 12, 143, 19]
[58, 150, 73, 165] [126, 144, 141, 159] [137, 135, 151, 142] [179, 27, 188, 36] [123, 9, 129, 16]
[45, 148, 61, 163] [113, 142, 129, 157] [125, 133, 139, 140] [166, 25, 176, 34] [109, 7, 117, 14]
[31, 145, 46, 160] [99, 139, 114, 154] [110, 130, 124, 137] [152, 22, 161, 30] [95, 4, 102, 11]
